$ANSIBLE_VAULT;1.1;AES256
38333930393137333737383738656462616334306335633738303139396661373436356462343530
6565643766336266646630666430646139346239613433610a356538653166633832306637656535
39376538666634653130623466633437666265346563346566363533663032643438613431613666
3533336162636332610a353830656231666530643134303666313664633239373264373831393131
62333937356534313338626565303633653033343932313839326337353431303535373630326130
37663835653736633438626263633765323934343833623932663032636232636330643166356231
35616266373838646563386564323430386438336164633630386563663466343132613866373533
66316237316463333231663438323739323236353835663432326431333937323065633134303631
38626662326463653835653866303865336132306165343562366664646238353039643239363231
36663936633366366435643636643663643630663161376130373032393263643732366338643363
38363966376437623832623433343562326137366662306639663839396233373131386666366462
63333731356665336136653135623932353038663365653761646261333263323561393439643736
32643166353461393339656562313134363933373361373764613964396364653566373461363631
63323433363035393635636432623830396530396133373231623766663461396436646338643436
31653333626131306632326362396261656530353338313835663035653934383566346636326363
36386337613034396261313464623132303463653461393737613533343566393031386564306132
66613137376661666638623431373065616337383730613933313635646235346263396639383737
63303230393336343362653730373838373130616631656333316437636238663033386563333164
63316362643162393738633138393638626230326561326639666236326338613865613832373966
63353462383638613564363065336132656133656264393130383365613861653633313338323635
33626434626461313164396662373764613332663130643563656261636234393739346435653634
38643061323737653834323164643162326232393636653666653539386539343237333762633937
30616436616439623735663161356438303434373330626465353761626666373336353962623432
63663735356137326165346335306361376638613436346533353438643934643130636365376563
32666166333731663431313861393164393466346431633738653932613731393266376261356233
39373930396136346264306264306566353331336366323130353239613934336462653263636137
36336264353938643064303539363330373234616132663065633334353737623936353430353639
63666665626661323164383534313762646338313064363166663963613432343534633638636135
66623536333433626431333637373338666334643033313866363332353030666665343131336663
62326537386565623532316639386236656532343461363734303130636365636236663665376462
36363265373930336466623661383933313836326232313637623933366233313935316133343630
36653733643363366466646333353436346130616239663063333635353164323133646664396433
3863
