$ANSIBLE_VAULT;1.1;AES256
61633264373265376266303466656362663965613431383965646636366265346434663832376366
6637323434613034363966666132393565623334633664340a646233366166323662636564616631
36336335336232613061613137376463663430626366353633303432643532646164363334653831
6261366536373434310a633533656436303330366139393233663231376565656166353866303531
62393937363737653130623262363861353435313534666233353264326633323139633630666430
63323938373431313666636566323361316633383838613532316234396465623038353966663336
31623936373933386130376234333763646662383636376565616338356430623965353963663236
33306563356533323736386536386133313130646233323363313634383630623233663539316537
31303633656134376634623231326165613432303737333565623535626262656132656330663166
66616133303262636334343238623533373865323935633463393532363336646431333735613635
39366535336464643262616530613463363137333630346462386664303934336138393064643533
63643132656530653039623266373433303530643335313834303962356632636639636365643564
39313838643333333064353737656639383234323861393434303730376232616662343230636362
35316131613135373532383065333032636464326138613739313335353435656162616161353938
36646234623030656438326162353562356263623838623662306237643664313638353763303235
64633936623339343164363136303831386261306463323235336135366264376230656663643466
35613031316132373062316136333665613638633932643661323535373236393138323965356265
62383766336136396533383737333863613736336265653866353863396165323836353639363232
61393839626332653835336238376639333439333063363461643738363539653162353132386431
31393531386530613761346135346365666361653638356239643162353232383565383263356537
63353764376634323533343939356365613637663166336536353732623664306261636363343332
64336336656230333633343938666532343865323564356664633736383934356439353566386339
313065643530383262383730306166343334
