$ANSIBLE_VAULT;1.1;AES256
38353931396434373134306631646439643935633964353965353733656533363932653863373966
3766353238643034323932623232383666646561663533640a323230306639613239636563373361
64643164376231383832666532333865386435656230316462336361346436316436306161336431
6664353332626562380a396135616137353661363937366437336261343739373564643831396264
33636630356330613866616665636166383435663462636132393938366461663562333564653137
63383233343433626633373565633466663337613538626531393432386633303632363663333933
31303733316662353039306634376166623235326134373030306633356462666165343336616261
65653634373830343765326562393864386330376131653331626439663065616665323735616164
31373866366335363238636661613230356132613233323136353435326166336235396661383536
38383534653735623364376531633865373566376632366436303433346136616262303965633031
65393139303731626666393730613032333830666132613331643863343061666165353035326166
64656538656364363066383639333335313162383236633035393938623231363961346438623464
35623632313630326465393333376361613631343034653066306435623161333137626430343837
32623237386665313938306464646666346231616636643464643437353537393630663966666337
37363838656565323965366166306632663263336361333637396132316233376439343137383638
63303066303132633763616661313230306364376431343365303262386661623465396134396366
66366531346161623632366430626134313661373939626265653734343363643562316162393937
30386465316334316664373036356538336363623836323334393838336130343061623664353231
35343636336664346633383432393466626133663231353538326262666165306437626434633736
63333139393663633131373735363665396232313338636333346439386263333934336230303639
31613161376533373838333133366239373538303266346565613234356164376530323537313833
36366630316464663761373737323162653535396431396566313263646139643938323233333262
356238346462343231343163303137393537
